MY_ACCOUNT_ID=0.0.34362732
MY_PRIVATE_KEY=302e020100300506032b6570042204208bb7577d581fdb869c4f83e92e6ab5d20b8dc3f9c2f8e94e461a0bf758a766cc
NEW_ACCOUNT_ID_1=0.0.34399606
MY_PRIVATE_KEY_1=04df7112d8489876972e74db912aaf5bfe6904b75ee70bc6ef2b5e5b921790b6
NEW_ACCOUNT_ID_2=0.0.34392680
MY_PRIVATE_KEY_2=1e9103e94d53d28bb45fbae1dac74cb3ba7b0afecb10b33cfef6747bad4c6121
NEW_ACCOUNT_ID_3=0.0.34392681
MY_PRIVATE_KEY_3=bee05fb8b63ace4c42a31beb655dfbf101b52e2816e69ec17c36b206a94904dc
NEW_ACCOUNT_ID_4=0.0.34392682
MY_PRIVATE_KEY_4=0a6a6bc4a13f036cda467e1b8ca2c0c703bad92282b05f0a1734d22ab9f41ccc
NEW_ACCOUNT_ID_5=0.0.34392683
MY_PRIVATE_KEY_5=0f6c8635c6d60db2cc62baa17c7c77e4fae52c5f478e178d8819d9c73dd483ce
NEW_ACCOUNT_ID_6= 0.0.34392684
MY_PRIVATE_KEY_6 =8642754b453f73f9b88e3e2c50662a8e2abd915dd3fd0726be0f0dd85cff0c31
NEW_ACCOUNT_ID_7 =0.0.34392685
MY_PRIVATE_KEY_7 =7df7f5a3cfd36662a700bf9d3c35cbd3c0d1f4f81d3c525b2038c4c0da8a73c9
NEW_ACCOUNT_ID_8 =0.0.34392686
MY_PRIVATE_KEY_8 =c1eca468626b66c21f05ae6621cf625ea71f1ae1017788353a137de18cfcd2e0
NEW_ACCOUNT_ID_9 =0.0.34392688
MY_PRIVATE_KEY_9 =d4dc77b51516c358baa837a789d89be2e8e05a69f4465c214046b70bea91cb2f
NEW_ACCOUNT_ID_10 =0.0.34392689
MY_PRIVATE_KEY_10 =61ecab784a299045746c9d53d6c25130caa447659582f854396772e4768a6091
FIFITH_PRIVATE_KEY= 05770cc6ced9ce51903c8f75aacaa42bed0f81bbfdf1f23d2fd8bb0f603c21b4
FIFTH_PUB_KEY = d141432461620394ca999ecf217967dea511e838818e40ef4e3aa1a527e62d16
FIFTH_ACC_ID = 0.0.34744401

